0011000000000000
0010110000011011
1110001000010111
0001000000111110
0000110000001111
0001010010100001
1110001000010011
0001010010111101
0000010000000100
0001010010100011
0001001001000010
0110101001111111
0000111000000001
0110101001000010
0110100001000000
0001100100000100
0001100100000101
0101100100000110
0111100001000000
0000111000000010
0001011000100010
0001001001000010
0110111001000000
0001000000111111
0000001111101100
1111000000100101
0000000000000010
0000000000000001
0000000000000001
0000001111111111
0000 0011 1010 0010	x03A2	20
0000 0000 1111 0110	x00F6	11
0000 0001 1000 0010	x0182	16
0000 0010 1100 0010	x02C2	24
